(kicad_pcb (version 20171130) (host pcbnew 5.1.8-db9833491~87~ubuntu20.04.1)

  (general
    (thickness 1.6)
    (drawings 15)
    (tracks 94)
    (zones 0)
    (modules 16)
    (nets 11)
  )

  (page A4)
  (layers
    (0 F.Cu signal)
    (31 B.Cu signal)
    (32 B.Adhes user)
    (33 F.Adhes user)
    (34 B.Paste user)
    (35 F.Paste user)
    (36 B.SilkS user)
    (37 F.SilkS user)
    (38 B.Mask user)
    (39 F.Mask user)
    (40 Dwgs.User user)
    (41 Cmts.User user)
    (42 Eco1.User user)
    (43 Eco2.User user)
    (44 Edge.Cuts user)
    (45 Margin user)
    (46 B.CrtYd user)
    (47 F.CrtYd user)
    (48 B.Fab user hide)
    (49 F.Fab user)
  )

  (setup
    (last_trace_width 0.508)
    (user_trace_width 0.381)
    (user_trace_width 0.508)
    (user_trace_width 0.762)
    (user_trace_width 1.024)
    (trace_clearance 0.2)
    (zone_clearance 0.508)
    (zone_45_only no)
    (trace_min 0.2)
    (via_size 0.8)
    (via_drill 0.4)
    (via_min_size 0.4)
    (via_min_drill 0.3)
    (user_via 1 0.6)
    (uvia_size 0.3)
    (uvia_drill 0.1)
    (uvias_allowed no)
    (uvia_min_size 0.2)
    (uvia_min_drill 0.1)
    (edge_width 0.05)
    (segment_width 0.2)
    (pcb_text_width 0.3)
    (pcb_text_size 1.5 1.5)
    (mod_edge_width 0.12)
    (mod_text_size 1 1)
    (mod_text_width 0.15)
    (pad_size 1.524 1.524)
    (pad_drill 0.762)
    (pad_to_mask_clearance 0)
    (aux_axis_origin 0 0)
    (visible_elements FFFFFF7F)
    (pcbplotparams
      (layerselection 0x010fc_ffffffff)
      (usegerberextensions false)
      (usegerberattributes true)
      (usegerberadvancedattributes true)
      (creategerberjobfile true)
      (excludeedgelayer true)
      (linewidth 0.100000)
      (plotframeref false)
      (viasonmask false)
      (mode 1)
      (useauxorigin false)
      (hpglpennumber 1)
      (hpglpenspeed 20)
      (hpglpendiameter 15.000000)
      (psnegative false)
      (psa4output false)
      (plotreference true)
      (plotvalue true)
      (plotinvisibletext false)
      (padsonsilk false)
      (subtractmaskfromsilk false)
      (outputformat 1)
      (mirror false)
      (drillshape 1)
      (scaleselection 1)
      (outputdirectory ""))
  )

  (net 0 "")
  (net 1 GND)
  (net 2 +24V)
  (net 3 +5V)
  (net 4 /VREGOUT)
  (net 5 "Net-(C3-Pad2)")
  (net 6 /SDA)
  (net 7 /PWM)
  (net 8 /SCL)
  (net 9 /~ERR)
  (net 10 "Net-(R3-Pad2)")

  (net_class Default "This is the default net class."
    (clearance 0.2)
    (trace_width 0.25)
    (via_dia 0.8)
    (via_drill 0.4)
    (uvia_dia 0.3)
    (uvia_drill 0.1)
    (add_net +24V)
    (add_net +5V)
    (add_net /PWM)
    (add_net /SCL)
    (add_net /SDA)
    (add_net /VREGOUT)
    (add_net /~ERR)
    (add_net GND)
    (add_net "Net-(C3-Pad2)")
    (add_net "Net-(R3-Pad2)")
  )

  (module MountingHole:MountingHole_2.2mm_M2 (layer F.Cu) (tedit 56D1B4CB) (tstamp 5FBD4875)
    (at 119.126 103.378)
    (descr "Mounting Hole 2.2mm, no annular, M2")
    (tags "mounting hole 2.2mm no annular m2")
    (path /5FBE16DC)
    (attr virtual)
    (fp_text reference H2 (at 2.54 1.778) (layer F.SilkS)
      (effects (font (size 0.7 0.7) (thickness 0.11)))
    )
    (fp_text value "M2 Mounting Hole" (at 0 3.2) (layer F.Fab)
      (effects (font (size 1 1) (thickness 0.15)))
    )
    (fp_text user %R (at 0.3 0) (layer F.Fab)
      (effects (font (size 1 1) (thickness 0.15)))
    )
    (fp_circle (center 0 0) (end 2.2 0) (layer Cmts.User) (width 0.15))
    (fp_circle (center 0 0) (end 2.45 0) (layer F.CrtYd) (width 0.05))
    (pad 1 np_thru_hole circle (at 0 0) (size 2.2 2.2) (drill 2.2) (layers *.Cu *.Mask))
  )

  (module MountingHole:MountingHole_2.2mm_M2 (layer F.Cu) (tedit 56D1B4CB) (tstamp 5FBD4AFF)
    (at 132.588 89.916)
    (descr "Mounting Hole 2.2mm, no annular, M2")
    (tags "mounting hole 2.2mm no annular m2")
    (path /5FBE101C)
    (attr virtual)
    (fp_text reference H1 (at 2.667 -1.905) (layer F.SilkS)
      (effects (font (size 0.7 0.7) (thickness 0.11)))
    )
    (fp_text value "M2 Mounting Hole" (at 0 3.2) (layer F.Fab)
      (effects (font (size 1 1) (thickness 0.15)))
    )
    (fp_text user %R (at 0.3 0) (layer F.Fab)
      (effects (font (size 1 1) (thickness 0.15)))
    )
    (fp_circle (center 0 0) (end 2.2 0) (layer Cmts.User) (width 0.15))
    (fp_circle (center 0 0) (end 2.45 0) (layer F.CrtYd) (width 0.05))
    (pad 1 np_thru_hole circle (at 0 0) (size 2.2 2.2) (drill 2.2) (layers *.Cu *.Mask))
  )

  (module Resistor_SMD:R_0603_1608Metric (layer F.Cu) (tedit 5B301BBD) (tstamp 5FBD3C94)
    (at 139.065 100.33)
    (descr "Resistor SMD 0603 (1608 Metric), square (rectangular) end terminal, IPC_7351 nominal, (Body size source: http://www.tortai-tech.com/upload/download/2011102023233369053.pdf), generated with kicad-footprint-generator")
    (tags resistor)
    (path /5FBD72C9)
    (attr smd)
    (fp_text reference R5 (at 1.651 -0.508) (layer F.SilkS)
      (effects (font (size 0.7 0.7) (thickness 0.11)) (justify left))
    )
    (fp_text value 24k (at 1.651 0.508) (layer F.SilkS)
      (effects (font (size 0.7 0.7) (thickness 0.11)) (justify left))
    )
    (fp_text user %R (at 0 0) (layer F.Fab)
      (effects (font (size 0.4 0.4) (thickness 0.06)))
    )
    (fp_line (start -0.8 0.4) (end -0.8 -0.4) (layer F.Fab) (width 0.1))
    (fp_line (start -0.8 -0.4) (end 0.8 -0.4) (layer F.Fab) (width 0.1))
    (fp_line (start 0.8 -0.4) (end 0.8 0.4) (layer F.Fab) (width 0.1))
    (fp_line (start 0.8 0.4) (end -0.8 0.4) (layer F.Fab) (width 0.1))
    (fp_line (start -0.162779 -0.51) (end 0.162779 -0.51) (layer F.SilkS) (width 0.12))
    (fp_line (start -0.162779 0.51) (end 0.162779 0.51) (layer F.SilkS) (width 0.12))
    (fp_line (start -1.48 0.73) (end -1.48 -0.73) (layer F.CrtYd) (width 0.05))
    (fp_line (start -1.48 -0.73) (end 1.48 -0.73) (layer F.CrtYd) (width 0.05))
    (fp_line (start 1.48 -0.73) (end 1.48 0.73) (layer F.CrtYd) (width 0.05))
    (fp_line (start 1.48 0.73) (end -1.48 0.73) (layer F.CrtYd) (width 0.05))
    (pad 2 smd roundrect (at 0.7875 0) (size 0.875 0.95) (layers F.Cu F.Paste F.Mask) (roundrect_rratio 0.25)
      (net 1 GND))
    (pad 1 smd roundrect (at -0.7875 0) (size 0.875 0.95) (layers F.Cu F.Paste F.Mask) (roundrect_rratio 0.25)
      (net 4 /VREGOUT))
    (model ${KISYS3DMOD}/Resistor_SMD.3dshapes/R_0603_1608Metric.wrl
      (at (xyz 0 0 0))
      (scale (xyz 1 1 1))
      (rotate (xyz 0 0 0))
    )
  )

  (module jakub:MiniDIN6way (layer B.Cu) (tedit 5FADAE41) (tstamp 5FAE1C80)
    (at 139.7 93.98 270)
    (descr "PSG01567 PS/2 mini DIN 6 connector")
    (path /5FAF9EF5)
    (fp_text reference JP2 (at 0 0 90) (layer B.SilkS)
      (effects (font (size 1 1) (thickness 0.15)) (justify mirror))
    )
    (fp_text value Mini-DIN-6 (at 0 -3.556 90) (layer B.Fab)
      (effects (font (size 1 1) (thickness 0.15)) (justify mirror))
    )
    (fp_circle (center 0 0) (end 5.75 0) (layer B.SilkS) (width 0.15))
    (pad 1 thru_hole circle (at 1.3 -2.7 270) (size 1.75 1.75) (drill 1) (layers *.Cu *.Mask)
      (net 6 /SDA))
    (pad 2 thru_hole circle (at -1 -2.7 270) (size 1.75 1.75) (drill 1) (layers *.Cu *.Mask)
      (net 7 /PWM))
    (pad 3 thru_hole circle (at 2.8 -0.4 270) (size 1.75 1.75) (drill 1) (layers *.Cu *.Mask)
      (net 1 GND))
    (pad 4 thru_hole circle (at -2.8 -0.4 270) (size 1.75 1.75) (drill 1) (layers *.Cu *.Mask)
      (net 3 +5V))
    (pad 5 thru_hole circle (at 2.3 1.6 270) (size 1.75 1.75) (drill 1) (layers *.Cu *.Mask)
      (net 8 /SCL))
    (pad 6 thru_hole circle (at -2.3 1.6 270) (size 1.75 1.75) (drill 1) (layers *.Cu *.Mask)
      (net 9 /~ERR))
  )

  (module Capacitor_SMD:C_0603_1608Metric (layer F.Cu) (tedit 5B301BBE) (tstamp 5FAE1505)
    (at 123.19 97.79 270)
    (descr "Capacitor SMD 0603 (1608 Metric), square (rectangular) end terminal, IPC_7351 nominal, (Body size source: http://www.tortai-tech.com/upload/download/2011102023233369053.pdf), generated with kicad-footprint-generator")
    (tags capacitor)
    (path /5FAE4204)
    (attr smd)
    (fp_text reference C1 (at 0 2.54 90) (layer F.SilkS)
      (effects (font (size 0.7 0.7) (thickness 0.11)))
    )
    (fp_text value 100n (at 0 1.43 90) (layer F.SilkS)
      (effects (font (size 0.7 0.7) (thickness 0.11)))
    )
    (fp_line (start 1.48 0.73) (end -1.48 0.73) (layer F.CrtYd) (width 0.05))
    (fp_line (start 1.48 -0.73) (end 1.48 0.73) (layer F.CrtYd) (width 0.05))
    (fp_line (start -1.48 -0.73) (end 1.48 -0.73) (layer F.CrtYd) (width 0.05))
    (fp_line (start -1.48 0.73) (end -1.48 -0.73) (layer F.CrtYd) (width 0.05))
    (fp_line (start -0.162779 0.51) (end 0.162779 0.51) (layer F.SilkS) (width 0.12))
    (fp_line (start -0.162779 -0.51) (end 0.162779 -0.51) (layer F.SilkS) (width 0.12))
    (fp_line (start 0.8 0.4) (end -0.8 0.4) (layer F.Fab) (width 0.1))
    (fp_line (start 0.8 -0.4) (end 0.8 0.4) (layer F.Fab) (width 0.1))
    (fp_line (start -0.8 -0.4) (end 0.8 -0.4) (layer F.Fab) (width 0.1))
    (fp_line (start -0.8 0.4) (end -0.8 -0.4) (layer F.Fab) (width 0.1))
    (fp_text user %R (at 0 0 90) (layer F.Fab)
      (effects (font (size 0.4 0.4) (thickness 0.06)))
    )
    (pad 2 smd roundrect (at 0.7875 0 270) (size 0.875 0.95) (layers F.Cu F.Paste F.Mask) (roundrect_rratio 0.25)
      (net 1 GND))
    (pad 1 smd roundrect (at -0.7875 0 270) (size 0.875 0.95) (layers F.Cu F.Paste F.Mask) (roundrect_rratio 0.25)
      (net 2 +24V))
    (model ${KISYS3DMOD}/Capacitor_SMD.3dshapes/C_0603_1608Metric.wrl
      (at (xyz 0 0 0))
      (scale (xyz 1 1 1))
      (rotate (xyz 0 0 0))
    )
  )

  (module Capacitor_SMD:C_0603_1608Metric (layer F.Cu) (tedit 5B301BBE) (tstamp 5FAE05F7)
    (at 135.255 102.87 90)
    (descr "Capacitor SMD 0603 (1608 Metric), square (rectangular) end terminal, IPC_7351 nominal, (Body size source: http://www.tortai-tech.com/upload/download/2011102023233369053.pdf), generated with kicad-footprint-generator")
    (tags capacitor)
    (path /5FAF231F)
    (attr smd)
    (fp_text reference C2 (at -1.905 0 180) (layer F.SilkS)
      (effects (font (size 0.7 0.7) (thickness 0.11)))
    )
    (fp_text value 100n (at 0 1.143 90) (layer F.SilkS)
      (effects (font (size 0.7 0.7) (thickness 0.11)))
    )
    (fp_line (start 1.48 0.73) (end -1.48 0.73) (layer F.CrtYd) (width 0.05))
    (fp_line (start 1.48 -0.73) (end 1.48 0.73) (layer F.CrtYd) (width 0.05))
    (fp_line (start -1.48 -0.73) (end 1.48 -0.73) (layer F.CrtYd) (width 0.05))
    (fp_line (start -1.48 0.73) (end -1.48 -0.73) (layer F.CrtYd) (width 0.05))
    (fp_line (start -0.162779 0.51) (end 0.162779 0.51) (layer F.SilkS) (width 0.12))
    (fp_line (start -0.162779 -0.51) (end 0.162779 -0.51) (layer F.SilkS) (width 0.12))
    (fp_line (start 0.8 0.4) (end -0.8 0.4) (layer F.Fab) (width 0.1))
    (fp_line (start 0.8 -0.4) (end 0.8 0.4) (layer F.Fab) (width 0.1))
    (fp_line (start -0.8 -0.4) (end 0.8 -0.4) (layer F.Fab) (width 0.1))
    (fp_line (start -0.8 0.4) (end -0.8 -0.4) (layer F.Fab) (width 0.1))
    (fp_text user %R (at 0 0 90) (layer F.Fab)
      (effects (font (size 0.4 0.4) (thickness 0.06)))
    )
    (pad 2 smd roundrect (at 0.7875 0 90) (size 0.875 0.95) (layers F.Cu F.Paste F.Mask) (roundrect_rratio 0.25)
      (net 1 GND))
    (pad 1 smd roundrect (at -0.7875 0 90) (size 0.875 0.95) (layers F.Cu F.Paste F.Mask) (roundrect_rratio 0.25)
      (net 3 +5V))
    (model ${KISYS3DMOD}/Capacitor_SMD.3dshapes/C_0603_1608Metric.wrl
      (at (xyz 0 0 0))
      (scale (xyz 1 1 1))
      (rotate (xyz 0 0 0))
    )
  )

  (module Capacitor_SMD:C_0603_1608Metric (layer F.Cu) (tedit 5B301BBE) (tstamp 5FAE0608)
    (at 125.73 102.235)
    (descr "Capacitor SMD 0603 (1608 Metric), square (rectangular) end terminal, IPC_7351 nominal, (Body size source: http://www.tortai-tech.com/upload/download/2011102023233369053.pdf), generated with kicad-footprint-generator")
    (tags capacitor)
    (path /5FAE1374)
    (attr smd)
    (fp_text reference C3 (at -1.778 0 90) (layer F.SilkS)
      (effects (font (size 0.7 0.7) (thickness 0.11)))
    )
    (fp_text value 100p (at 3.81 0) (layer F.SilkS)
      (effects (font (size 0.7 0.7) (thickness 0.11)))
    )
    (fp_line (start -0.8 0.4) (end -0.8 -0.4) (layer F.Fab) (width 0.1))
    (fp_line (start -0.8 -0.4) (end 0.8 -0.4) (layer F.Fab) (width 0.1))
    (fp_line (start 0.8 -0.4) (end 0.8 0.4) (layer F.Fab) (width 0.1))
    (fp_line (start 0.8 0.4) (end -0.8 0.4) (layer F.Fab) (width 0.1))
    (fp_line (start -0.162779 -0.51) (end 0.162779 -0.51) (layer F.SilkS) (width 0.12))
    (fp_line (start -0.162779 0.51) (end 0.162779 0.51) (layer F.SilkS) (width 0.12))
    (fp_line (start -1.48 0.73) (end -1.48 -0.73) (layer F.CrtYd) (width 0.05))
    (fp_line (start -1.48 -0.73) (end 1.48 -0.73) (layer F.CrtYd) (width 0.05))
    (fp_line (start 1.48 -0.73) (end 1.48 0.73) (layer F.CrtYd) (width 0.05))
    (fp_line (start 1.48 0.73) (end -1.48 0.73) (layer F.CrtYd) (width 0.05))
    (fp_text user %R (at 0 0) (layer F.Fab)
      (effects (font (size 0.4 0.4) (thickness 0.06)))
    )
    (pad 1 smd roundrect (at -0.7875 0) (size 0.875 0.95) (layers F.Cu F.Paste F.Mask) (roundrect_rratio 0.25)
      (net 4 /VREGOUT))
    (pad 2 smd roundrect (at 0.7875 0) (size 0.875 0.95) (layers F.Cu F.Paste F.Mask) (roundrect_rratio 0.25)
      (net 5 "Net-(C3-Pad2)"))
    (model ${KISYS3DMOD}/Capacitor_SMD.3dshapes/C_0603_1608Metric.wrl
      (at (xyz 0 0 0))
      (scale (xyz 1 1 1))
      (rotate (xyz 0 0 0))
    )
  )

  (module Capacitor_SMD:C_1206_3216Metric (layer F.Cu) (tedit 5B301BBE) (tstamp 5FBD4A58)
    (at 122.555 101.73 90)
    (descr "Capacitor SMD 1206 (3216 Metric), square (rectangular) end terminal, IPC_7351 nominal, (Body size source: http://www.tortai-tech.com/upload/download/2011102023233369053.pdf), generated with kicad-footprint-generator")
    (tags capacitor)
    (path /5FAE5F25)
    (attr smd)
    (fp_text reference C4 (at 2.67 -1.27 180) (layer F.SilkS)
      (effects (font (size 0.7 0.7) (thickness 0.11)) (justify right))
    )
    (fp_text value 4u7/50V (at 1.4 -1.27 180) (layer F.SilkS)
      (effects (font (size 0.6 0.6) (thickness 0.1)) (justify right))
    )
    (fp_line (start -1.6 0.8) (end -1.6 -0.8) (layer F.Fab) (width 0.1))
    (fp_line (start -1.6 -0.8) (end 1.6 -0.8) (layer F.Fab) (width 0.1))
    (fp_line (start 1.6 -0.8) (end 1.6 0.8) (layer F.Fab) (width 0.1))
    (fp_line (start 1.6 0.8) (end -1.6 0.8) (layer F.Fab) (width 0.1))
    (fp_line (start -0.602064 -0.91) (end 0.602064 -0.91) (layer F.SilkS) (width 0.12))
    (fp_line (start -0.602064 0.91) (end 0.602064 0.91) (layer F.SilkS) (width 0.12))
    (fp_line (start -2.28 1.12) (end -2.28 -1.12) (layer F.CrtYd) (width 0.05))
    (fp_line (start -2.28 -1.12) (end 2.28 -1.12) (layer F.CrtYd) (width 0.05))
    (fp_line (start 2.28 -1.12) (end 2.28 1.12) (layer F.CrtYd) (width 0.05))
    (fp_line (start 2.28 1.12) (end -2.28 1.12) (layer F.CrtYd) (width 0.05))
    (fp_text user %R (at 0 0 90) (layer F.Fab)
      (effects (font (size 0.8 0.8) (thickness 0.12)))
    )
    (pad 1 smd roundrect (at -1.4 0 90) (size 1.25 1.75) (layers F.Cu F.Paste F.Mask) (roundrect_rratio 0.2)
      (net 4 /VREGOUT))
    (pad 2 smd roundrect (at 1.4 0 90) (size 1.25 1.75) (layers F.Cu F.Paste F.Mask) (roundrect_rratio 0.2)
      (net 1 GND))
    (model ${KISYS3DMOD}/Capacitor_SMD.3dshapes/C_1206_3216Metric.wrl
      (at (xyz 0 0 0))
      (scale (xyz 1 1 1))
      (rotate (xyz 0 0 0))
    )
  )

  (module jakub:2.1mmBarrelJackTop (layer B.Cu) (tedit 5FADB09B) (tstamp 5FAE18D9)
    (at 123.010001 93.98)
    (descr "FC681473 Panel mount DC jack")
    (path /5FB11308)
    (fp_text reference JP1 (at 0 0.635) (layer B.SilkS)
      (effects (font (size 1 1) (thickness 0.15)) (justify mirror))
    )
    (fp_text value Barrel_Jack_Switch_Pin3Ring (at 0 -3.81) (layer B.Fab)
      (effects (font (size 1 1) (thickness 0.15)) (justify mirror))
    )
    (fp_circle (center 0 0) (end 6 0) (layer B.SilkS) (width 0.15))
    (fp_circle (center 0 0) (end 8 0) (layer B.SilkS) (width 0.15))
    (pad 1 thru_hole oval (at -2 -3.6) (size 4 1.8) (drill oval 3 0.8) (layers *.Cu *.Mask)
      (net 2 +24V))
    (pad 2 thru_hole oval (at 1.6 -1.5) (size 4 1.8) (drill oval 3 0.8) (layers *.Cu *.Mask))
    (pad 3 thru_hole oval (at -3.7 1.9) (size 1.8 4) (drill oval 0.8 3) (layers *.Cu *.Mask)
      (net 1 GND))
  )

  (module Connector_PinHeader_2.54mm:PinHeader_1x03_P2.54mm_Vertical (layer B.Cu) (tedit 59FED5CC) (tstamp 5FAE0644)
    (at 137.795 102.87 270)
    (descr "Through hole straight pin header, 1x03, 2.54mm pitch, single row")
    (tags "Through hole pin header THT 1x03 2.54mm single row")
    (path /5FB13D6B)
    (fp_text reference JP3 (at 0 2.33 90) (layer B.SilkS)
      (effects (font (size 1 1) (thickness 0.15)) (justify mirror))
    )
    (fp_text value Conn_01x03_Female (at 0 -7.41 90) (layer B.Fab)
      (effects (font (size 1 1) (thickness 0.15)) (justify mirror))
    )
    (fp_line (start -0.635 1.27) (end 1.27 1.27) (layer B.Fab) (width 0.1))
    (fp_line (start 1.27 1.27) (end 1.27 -6.35) (layer B.Fab) (width 0.1))
    (fp_line (start 1.27 -6.35) (end -1.27 -6.35) (layer B.Fab) (width 0.1))
    (fp_line (start -1.27 -6.35) (end -1.27 0.635) (layer B.Fab) (width 0.1))
    (fp_line (start -1.27 0.635) (end -0.635 1.27) (layer B.Fab) (width 0.1))
    (fp_line (start -1.33 -6.41) (end 1.33 -6.41) (layer B.SilkS) (width 0.12))
    (fp_line (start -1.33 -1.27) (end -1.33 -6.41) (layer B.SilkS) (width 0.12))
    (fp_line (start 1.33 -1.27) (end 1.33 -6.41) (layer B.SilkS) (width 0.12))
    (fp_line (start -1.33 -1.27) (end 1.33 -1.27) (layer B.SilkS) (width 0.12))
    (fp_line (start -1.33 0) (end -1.33 1.33) (layer B.SilkS) (width 0.12))
    (fp_line (start -1.33 1.33) (end 0 1.33) (layer B.SilkS) (width 0.12))
    (fp_line (start -1.8 1.8) (end -1.8 -6.85) (layer B.CrtYd) (width 0.05))
    (fp_line (start -1.8 -6.85) (end 1.8 -6.85) (layer B.CrtYd) (width 0.05))
    (fp_line (start 1.8 -6.85) (end 1.8 1.8) (layer B.CrtYd) (width 0.05))
    (fp_line (start 1.8 1.8) (end -1.8 1.8) (layer B.CrtYd) (width 0.05))
    (fp_text user %R (at 0 -2.54 180) (layer B.Fab)
      (effects (font (size 1 1) (thickness 0.15)) (justify mirror))
    )
    (pad 1 thru_hole rect (at 0 0 270) (size 1.7 1.7) (drill 1) (layers *.Cu *.Mask)
      (net 4 /VREGOUT))
    (pad 2 thru_hole oval (at 0 -2.54 270) (size 1.7 1.7) (drill 1) (layers *.Cu *.Mask)
      (net 7 /PWM))
    (pad 3 thru_hole oval (at 0 -5.08 270) (size 1.7 1.7) (drill 1) (layers *.Cu *.Mask)
      (net 1 GND))
    (model ${KISYS3DMOD}/Connector_PinHeader_2.54mm.3dshapes/PinHeader_1x03_P2.54mm_Vertical.wrl
      (at (xyz 0 0 0))
      (scale (xyz 1 1 1))
      (rotate (xyz 0 0 0))
    )
  )

  (module Resistor_SMD:R_0603_1608Metric (layer F.Cu) (tedit 5B301BBD) (tstamp 5FAE0655)
    (at 128.4225 92.71)
    (descr "Resistor SMD 0603 (1608 Metric), square (rectangular) end terminal, IPC_7351 nominal, (Body size source: http://www.tortai-tech.com/upload/download/2011102023233369053.pdf), generated with kicad-footprint-generator")
    (tags resistor)
    (path /5FB28AA5)
    (attr smd)
    (fp_text reference R1 (at 0 -1.27) (layer F.SilkS)
      (effects (font (size 0.7 0.7) (thickness 0.11)))
    )
    (fp_text value 82k (at 1.7525 0 90) (layer F.SilkS)
      (effects (font (size 0.7 0.7) (thickness 0.11)))
    )
    (fp_line (start -0.8 0.4) (end -0.8 -0.4) (layer F.Fab) (width 0.1))
    (fp_line (start -0.8 -0.4) (end 0.8 -0.4) (layer F.Fab) (width 0.1))
    (fp_line (start 0.8 -0.4) (end 0.8 0.4) (layer F.Fab) (width 0.1))
    (fp_line (start 0.8 0.4) (end -0.8 0.4) (layer F.Fab) (width 0.1))
    (fp_line (start -0.162779 -0.51) (end 0.162779 -0.51) (layer F.SilkS) (width 0.12))
    (fp_line (start -0.162779 0.51) (end 0.162779 0.51) (layer F.SilkS) (width 0.12))
    (fp_line (start -1.48 0.73) (end -1.48 -0.73) (layer F.CrtYd) (width 0.05))
    (fp_line (start -1.48 -0.73) (end 1.48 -0.73) (layer F.CrtYd) (width 0.05))
    (fp_line (start 1.48 -0.73) (end 1.48 0.73) (layer F.CrtYd) (width 0.05))
    (fp_line (start 1.48 0.73) (end -1.48 0.73) (layer F.CrtYd) (width 0.05))
    (fp_text user %R (at 0 0) (layer F.Fab)
      (effects (font (size 0.4 0.4) (thickness 0.06)))
    )
    (pad 1 smd roundrect (at -0.7875 0) (size 0.875 0.95) (layers F.Cu F.Paste F.Mask) (roundrect_rratio 0.25)
      (net 2 +24V))
    (pad 2 smd roundrect (at 0.7875 0) (size 0.875 0.95) (layers F.Cu F.Paste F.Mask) (roundrect_rratio 0.25)
      (net 9 /~ERR))
    (model ${KISYS3DMOD}/Resistor_SMD.3dshapes/R_0603_1608Metric.wrl
      (at (xyz 0 0 0))
      (scale (xyz 1 1 1))
      (rotate (xyz 0 0 0))
    )
  )

  (module Resistor_SMD:R_0603_1608Metric (layer F.Cu) (tedit 5B301BBD) (tstamp 5FAE0C37)
    (at 130.81 97.9425 270)
    (descr "Resistor SMD 0603 (1608 Metric), square (rectangular) end terminal, IPC_7351 nominal, (Body size source: http://www.tortai-tech.com/upload/download/2011102023233369053.pdf), generated with kicad-footprint-generator")
    (tags resistor)
    (path /5FB2D53E)
    (attr smd)
    (fp_text reference R2 (at 0 -1.27 270) (layer F.SilkS)
      (effects (font (size 0.7 0.7) (thickness 0.11)))
    )
    (fp_text value 20k (at 0 -2.286 90) (layer F.SilkS)
      (effects (font (size 0.7 0.7) (thickness 0.11)))
    )
    (fp_line (start 1.48 0.73) (end -1.48 0.73) (layer F.CrtYd) (width 0.05))
    (fp_line (start 1.48 -0.73) (end 1.48 0.73) (layer F.CrtYd) (width 0.05))
    (fp_line (start -1.48 -0.73) (end 1.48 -0.73) (layer F.CrtYd) (width 0.05))
    (fp_line (start -1.48 0.73) (end -1.48 -0.73) (layer F.CrtYd) (width 0.05))
    (fp_line (start -0.162779 0.51) (end 0.162779 0.51) (layer F.SilkS) (width 0.12))
    (fp_line (start -0.162779 -0.51) (end 0.162779 -0.51) (layer F.SilkS) (width 0.12))
    (fp_line (start 0.8 0.4) (end -0.8 0.4) (layer F.Fab) (width 0.1))
    (fp_line (start 0.8 -0.4) (end 0.8 0.4) (layer F.Fab) (width 0.1))
    (fp_line (start -0.8 -0.4) (end 0.8 -0.4) (layer F.Fab) (width 0.1))
    (fp_line (start -0.8 0.4) (end -0.8 -0.4) (layer F.Fab) (width 0.1))
    (fp_text user %R (at 0 0 90) (layer F.Fab)
      (effects (font (size 0.4 0.4) (thickness 0.06)))
    )
    (pad 2 smd roundrect (at 0.7875 0 270) (size 0.875 0.95) (layers F.Cu F.Paste F.Mask) (roundrect_rratio 0.25)
      (net 1 GND))
    (pad 1 smd roundrect (at -0.7875 0 270) (size 0.875 0.95) (layers F.Cu F.Paste F.Mask) (roundrect_rratio 0.25)
      (net 9 /~ERR))
    (model ${KISYS3DMOD}/Resistor_SMD.3dshapes/R_0603_1608Metric.wrl
      (at (xyz 0 0 0))
      (scale (xyz 1 1 1))
      (rotate (xyz 0 0 0))
    )
  )

  (module Resistor_SMD:R_0603_1608Metric (layer F.Cu) (tedit 5B301BBD) (tstamp 5FAE0677)
    (at 128.905 103.505)
    (descr "Resistor SMD 0603 (1608 Metric), square (rectangular) end terminal, IPC_7351 nominal, (Body size source: http://www.tortai-tech.com/upload/download/2011102023233369053.pdf), generated with kicad-footprint-generator")
    (tags resistor)
    (path /5FAE331A)
    (attr smd)
    (fp_text reference R3 (at -0.635 1.27) (layer F.SilkS)
      (effects (font (size 0.7 0.7) (thickness 0.11)))
    )
    (fp_text value 20k (at 1.27 1.27) (layer F.SilkS)
      (effects (font (size 0.7 0.7) (thickness 0.11)))
    )
    (fp_line (start 1.48 0.73) (end -1.48 0.73) (layer F.CrtYd) (width 0.05))
    (fp_line (start 1.48 -0.73) (end 1.48 0.73) (layer F.CrtYd) (width 0.05))
    (fp_line (start -1.48 -0.73) (end 1.48 -0.73) (layer F.CrtYd) (width 0.05))
    (fp_line (start -1.48 0.73) (end -1.48 -0.73) (layer F.CrtYd) (width 0.05))
    (fp_line (start -0.162779 0.51) (end 0.162779 0.51) (layer F.SilkS) (width 0.12))
    (fp_line (start -0.162779 -0.51) (end 0.162779 -0.51) (layer F.SilkS) (width 0.12))
    (fp_line (start 0.8 0.4) (end -0.8 0.4) (layer F.Fab) (width 0.1))
    (fp_line (start 0.8 -0.4) (end 0.8 0.4) (layer F.Fab) (width 0.1))
    (fp_line (start -0.8 -0.4) (end 0.8 -0.4) (layer F.Fab) (width 0.1))
    (fp_line (start -0.8 0.4) (end -0.8 -0.4) (layer F.Fab) (width 0.1))
    (fp_text user %R (at 0 0) (layer F.Fab)
      (effects (font (size 0.4 0.4) (thickness 0.06)))
    )
    (pad 2 smd roundrect (at 0.7875 0) (size 0.875 0.95) (layers F.Cu F.Paste F.Mask) (roundrect_rratio 0.25)
      (net 10 "Net-(R3-Pad2)"))
    (pad 1 smd roundrect (at -0.7875 0) (size 0.875 0.95) (layers F.Cu F.Paste F.Mask) (roundrect_rratio 0.25)
      (net 5 "Net-(C3-Pad2)"))
    (model ${KISYS3DMOD}/Resistor_SMD.3dshapes/R_0603_1608Metric.wrl
      (at (xyz 0 0 0))
      (scale (xyz 1 1 1))
      (rotate (xyz 0 0 0))
    )
  )

  (module Resistor_SMD:R_0603_1608Metric (layer F.Cu) (tedit 5B301BBD) (tstamp 5FAE0688)
    (at 125.73 103.505)
    (descr "Resistor SMD 0603 (1608 Metric), square (rectangular) end terminal, IPC_7351 nominal, (Body size source: http://www.tortai-tech.com/upload/download/2011102023233369053.pdf), generated with kicad-footprint-generator")
    (tags resistor)
    (path /5FAE1ED0)
    (attr smd)
    (fp_text reference R4 (at -1.905 1.27) (layer F.SilkS)
      (effects (font (size 0.7 0.7) (thickness 0.11)))
    )
    (fp_text value 360k (at 0.254 1.27) (layer F.SilkS)
      (effects (font (size 0.7 0.7) (thickness 0.11)))
    )
    (fp_line (start -0.8 0.4) (end -0.8 -0.4) (layer F.Fab) (width 0.1))
    (fp_line (start -0.8 -0.4) (end 0.8 -0.4) (layer F.Fab) (width 0.1))
    (fp_line (start 0.8 -0.4) (end 0.8 0.4) (layer F.Fab) (width 0.1))
    (fp_line (start 0.8 0.4) (end -0.8 0.4) (layer F.Fab) (width 0.1))
    (fp_line (start -0.162779 -0.51) (end 0.162779 -0.51) (layer F.SilkS) (width 0.12))
    (fp_line (start -0.162779 0.51) (end 0.162779 0.51) (layer F.SilkS) (width 0.12))
    (fp_line (start -1.48 0.73) (end -1.48 -0.73) (layer F.CrtYd) (width 0.05))
    (fp_line (start -1.48 -0.73) (end 1.48 -0.73) (layer F.CrtYd) (width 0.05))
    (fp_line (start 1.48 -0.73) (end 1.48 0.73) (layer F.CrtYd) (width 0.05))
    (fp_line (start 1.48 0.73) (end -1.48 0.73) (layer F.CrtYd) (width 0.05))
    (fp_text user %R (at 0 0) (layer F.Fab)
      (effects (font (size 0.4 0.4) (thickness 0.06)))
    )
    (pad 1 smd roundrect (at -0.7875 0) (size 0.875 0.95) (layers F.Cu F.Paste F.Mask) (roundrect_rratio 0.25)
      (net 4 /VREGOUT))
    (pad 2 smd roundrect (at 0.7875 0) (size 0.875 0.95) (layers F.Cu F.Paste F.Mask) (roundrect_rratio 0.25)
      (net 5 "Net-(C3-Pad2)"))
    (model ${KISYS3DMOD}/Resistor_SMD.3dshapes/R_0603_1608Metric.wrl
      (at (xyz 0 0 0))
      (scale (xyz 1 1 1))
      (rotate (xyz 0 0 0))
    )
  )

  (module Package_SO:SO-8_3.9x4.9mm_P1.27mm (layer F.Cu) (tedit 5C509AD1) (tstamp 5FAE06A2)
    (at 127 97.79 90)
    (descr "SO, 8 Pin (https://www.nxp.com/docs/en/data-sheet/PCF8523.pdf), generated with kicad-footprint-generator ipc_gullwing_generator.py")
    (tags "SO SO")
    (path /5FADFE0B)
    (attr smd)
    (fp_text reference U1 (at 2.54 -3.4 90) (layer F.SilkS)
      (effects (font (size 0.7 0.7) (thickness 0.11)))
    )
    (fp_text value MIC2954 (at 2.54 5.08 180) (layer F.SilkS)
      (effects (font (size 0.7 0.7) (thickness 0.11)))
    )
    (fp_line (start 0 2.56) (end 1.95 2.56) (layer F.SilkS) (width 0.12))
    (fp_line (start 0 2.56) (end -1.95 2.56) (layer F.SilkS) (width 0.12))
    (fp_line (start 0 -2.56) (end 1.95 -2.56) (layer F.SilkS) (width 0.12))
    (fp_line (start 0 -2.56) (end -3.45 -2.56) (layer F.SilkS) (width 0.12))
    (fp_line (start -0.975 -2.45) (end 1.95 -2.45) (layer F.Fab) (width 0.1))
    (fp_line (start 1.95 -2.45) (end 1.95 2.45) (layer F.Fab) (width 0.1))
    (fp_line (start 1.95 2.45) (end -1.95 2.45) (layer F.Fab) (width 0.1))
    (fp_line (start -1.95 2.45) (end -1.95 -1.475) (layer F.Fab) (width 0.1))
    (fp_line (start -1.95 -1.475) (end -0.975 -2.45) (layer F.Fab) (width 0.1))
    (fp_line (start -3.7 -2.7) (end -3.7 2.7) (layer F.CrtYd) (width 0.05))
    (fp_line (start -3.7 2.7) (end 3.7 2.7) (layer F.CrtYd) (width 0.05))
    (fp_line (start 3.7 2.7) (end 3.7 -2.7) (layer F.CrtYd) (width 0.05))
    (fp_line (start 3.7 -2.7) (end -3.7 -2.7) (layer F.CrtYd) (width 0.05))
    (fp_text user %R (at 0 0 90) (layer F.Fab) hide
      (effects (font (size 0.98 0.98) (thickness 0.15)))
    )
    (pad 1 smd roundrect (at -2.575 -1.905 90) (size 1.75 0.6) (layers F.Cu F.Paste F.Mask) (roundrect_rratio 0.25)
      (net 4 /VREGOUT))
    (pad 2 smd roundrect (at -2.575 -0.635 90) (size 1.75 0.6) (layers F.Cu F.Paste F.Mask) (roundrect_rratio 0.25))
    (pad 3 smd roundrect (at -2.575 0.635 90) (size 1.75 0.6) (layers F.Cu F.Paste F.Mask) (roundrect_rratio 0.25)
      (net 1 GND))
    (pad 4 smd roundrect (at -2.575 1.905 90) (size 1.75 0.6) (layers F.Cu F.Paste F.Mask) (roundrect_rratio 0.25)
      (net 1 GND))
    (pad 5 smd roundrect (at 2.575 1.905 90) (size 1.75 0.6) (layers F.Cu F.Paste F.Mask) (roundrect_rratio 0.25)
      (net 9 /~ERR))
    (pad 6 smd roundrect (at 2.575 0.635 90) (size 1.75 0.6) (layers F.Cu F.Paste F.Mask) (roundrect_rratio 0.25))
    (pad 7 smd roundrect (at 2.575 -0.635 90) (size 1.75 0.6) (layers F.Cu F.Paste F.Mask) (roundrect_rratio 0.25)
      (net 5 "Net-(C3-Pad2)"))
    (pad 8 smd roundrect (at 2.575 -1.905 90) (size 1.75 0.6) (layers F.Cu F.Paste F.Mask) (roundrect_rratio 0.25)
      (net 2 +24V))
    (model ${KISYS3DMOD}/Package_SO.3dshapes/SOIC-8_3.9x4.9mm_P1.27mm.step
      (at (xyz 0 0 0))
      (scale (xyz 1 1 1))
      (rotate (xyz 0 0 0))
    )
  )

  (module Package_TO_SOT_SMD:SOT-363_SC-70-6 (layer F.Cu) (tedit 5A02FF57) (tstamp 5FAE06B8)
    (at 132.715 102.235 180)
    (descr "SOT-363, SC-70-6")
    (tags "SOT-363 SC-70-6")
    (path /5FB010B4)
    (attr smd)
    (fp_text reference U2 (at 0 2.667) (layer F.SilkS)
      (effects (font (size 0.7 0.7) (thickness 0.11)))
    )
    (fp_text value MCP4018-502 (at -0.635 1.651 180) (layer F.SilkS)
      (effects (font (size 0.7 0.7) (thickness 0.11)))
    )
    (fp_line (start 0.7 -1.16) (end -1.2 -1.16) (layer F.SilkS) (width 0.12))
    (fp_line (start -0.7 1.16) (end 0.7 1.16) (layer F.SilkS) (width 0.12))
    (fp_line (start 1.6 1.4) (end 1.6 -1.4) (layer F.CrtYd) (width 0.05))
    (fp_line (start -1.6 -1.4) (end -1.6 1.4) (layer F.CrtYd) (width 0.05))
    (fp_line (start -1.6 -1.4) (end 1.6 -1.4) (layer F.CrtYd) (width 0.05))
    (fp_line (start 0.675 -1.1) (end -0.175 -1.1) (layer F.Fab) (width 0.1))
    (fp_line (start -0.675 -0.6) (end -0.675 1.1) (layer F.Fab) (width 0.1))
    (fp_line (start -1.6 1.4) (end 1.6 1.4) (layer F.CrtYd) (width 0.05))
    (fp_line (start 0.675 -1.1) (end 0.675 1.1) (layer F.Fab) (width 0.1))
    (fp_line (start 0.675 1.1) (end -0.675 1.1) (layer F.Fab) (width 0.1))
    (fp_line (start -0.175 -1.1) (end -0.675 -0.6) (layer F.Fab) (width 0.1))
    (fp_text user %R (at 0 0 90) (layer F.Fab)
      (effects (font (size 0.5 0.5) (thickness 0.075)))
    )
    (pad 1 smd rect (at -0.95 -0.65 180) (size 0.65 0.4) (layers F.Cu F.Paste F.Mask)
      (net 3 +5V))
    (pad 3 smd rect (at -0.95 0.65 180) (size 0.65 0.4) (layers F.Cu F.Paste F.Mask)
      (net 8 /SCL))
    (pad 5 smd rect (at 0.95 0 180) (size 0.65 0.4) (layers F.Cu F.Paste F.Mask)
      (net 10 "Net-(R3-Pad2)"))
    (pad 2 smd rect (at -0.95 0 180) (size 0.65 0.4) (layers F.Cu F.Paste F.Mask)
      (net 1 GND))
    (pad 4 smd rect (at 0.95 0.65 180) (size 0.65 0.4) (layers F.Cu F.Paste F.Mask)
      (net 6 /SDA))
    (pad 6 smd rect (at 0.95 -0.65 180) (size 0.65 0.4) (layers F.Cu F.Paste F.Mask))
    (model ${KISYS3DMOD}/Package_TO_SOT_SMD.3dshapes/SOT-363_SC-70-6.wrl
      (at (xyz 0 0 0))
      (scale (xyz 1 1 1))
      (rotate (xyz 0 0 0))
    )
  )

  (gr_line (start 145.415 87.63) (end 116.84 87.63) (layer Edge.Cuts) (width 0.05) (tstamp 5FAE1B6D))
  (gr_line (start 145.415 105.664) (end 145.415 87.63) (layer Edge.Cuts) (width 0.05))
  (gr_line (start 116.84 105.664) (end 145.415 105.664) (layer Edge.Cuts) (width 0.05))
  (gr_line (start 116.84 87.63) (end 116.84 105.664) (layer Edge.Cuts) (width 0.05))
  (gr_text ~ERR (at 136.525 91.44 90) (layer F.SilkS) (tstamp 5FAE1AF6)
    (effects (font (size 0.7 0.7) (thickness 0.11)))
  )
  (gr_text SCL (at 136.525 96.52 90) (layer F.SilkS) (tstamp 5FAE1AF2)
    (effects (font (size 0.7 0.7) (thickness 0.11)))
  )
  (gr_text GND (at 140.335 98.425) (layer F.SilkS) (tstamp 5FAE1AEA)
    (effects (font (size 0.7 0.7) (thickness 0.11)))
  )
  (gr_text SDA (at 144.145 95.25 90) (layer F.SilkS) (tstamp 5FAE1AE7)
    (effects (font (size 0.7 0.7) (thickness 0.11)))
  )
  (gr_text PWM (at 144.145 92.71 90) (layer F.SilkS) (tstamp 5FAE1AE4)
    (effects (font (size 0.7 0.7) (thickness 0.11)))
  )
  (gr_text +5V (at 140.335 89.535) (layer F.SilkS) (tstamp 5FAE1ADE)
    (effects (font (size 0.7 0.7) (thickness 0.11)))
  )
  (gr_text GND (at 142.875 104.775) (layer F.SilkS) (tstamp 5FAE1AD9)
    (effects (font (size 0.7 0.7) (thickness 0.11)))
  )
  (gr_text PWM (at 140.335 104.775) (layer F.SilkS) (tstamp 5FAE1AD6)
    (effects (font (size 0.7 0.7) (thickness 0.11)))
  )
  (gr_text VREG (at 137.795 104.775) (layer F.SilkS) (tstamp 5FAE1AD1)
    (effects (font (size 0.7 0.7) (thickness 0.11)))
  )
  (gr_text GND (at 117.856 95.885 90) (layer F.SilkS)
    (effects (font (size 0.7 0.7) (thickness 0.11)))
  )
  (gr_text +24V (at 120.65 88.9) (layer F.SilkS)
    (effects (font (size 0.7 0.7) (thickness 0.11)))
  )

  (segment (start 127.635 99.540932) (end 127.635 100.365) (width 1.024) (layer F.Cu) (net 1))
  (segment (start 126.671568 98.5775) (end 127.635 99.540932) (width 1.024) (layer F.Cu) (net 1))
  (segment (start 123.825 98.5775) (end 126.671568 98.5775) (width 1.024) (layer F.Cu) (net 1))
  (segment (start 127.635 100.365) (end 128.905 100.365) (width 1.024) (layer F.Cu) (net 1))
  (segment (start 122.007501 98.5775) (end 119.310001 95.88) (width 1.024) (layer F.Cu) (net 1))
  (segment (start 122.555 99.06) (end 122.0725 98.5775) (width 1.024) (layer F.Cu) (net 1))
  (segment (start 122.555 100.33) (end 122.555 99.06) (width 1.024) (layer F.Cu) (net 1))
  (segment (start 122.0725 98.5775) (end 122.007501 98.5775) (width 1.024) (layer F.Cu) (net 1))
  (segment (start 123.825 98.5775) (end 122.0725 98.5775) (width 1.024) (layer F.Cu) (net 1))
  (via (at 129.5575 99.7125) (size 1) (drill 0.6) (layers F.Cu B.Cu) (net 1))
  (segment (start 129.5575 99.7125) (end 128.905 100.365) (width 1.024) (layer F.Cu) (net 1))
  (segment (start 140.1 100.095) (end 142.875 102.87) (width 0.508) (layer B.Cu) (net 1))
  (segment (start 140.1 96.78) (end 140.1 100.095) (width 0.508) (layer B.Cu) (net 1))
  (segment (start 140.1 100.0825) (end 139.8525 100.33) (width 0.508) (layer F.Cu) (net 1))
  (segment (start 140.1 96.78) (end 140.1 100.0825) (width 0.508) (layer F.Cu) (net 1))
  (segment (start 140.97 104.775) (end 142.875 102.87) (width 0.381) (layer B.Cu) (net 1))
  (segment (start 129.5575 99.7125) (end 133.3675 99.7125) (width 0.381) (layer B.Cu) (net 1))
  (via (at 135.23001 101.6) (size 1) (drill 0.6) (layers F.Cu B.Cu) (net 1))
  (segment (start 135.23001 101.57501) (end 135.23001 101.6) (width 0.381) (layer B.Cu) (net 1))
  (segment (start 133.3675 99.7125) (end 135.23001 101.57501) (width 0.381) (layer B.Cu) (net 1))
  (segment (start 135.23001 102.05751) (end 135.255 102.0825) (width 0.381) (layer F.Cu) (net 1))
  (segment (start 135.23001 101.6) (end 135.23001 102.05751) (width 0.381) (layer F.Cu) (net 1))
  (segment (start 135.23001 102.707912) (end 135.23001 101.6) (width 0.381) (layer B.Cu) (net 1))
  (segment (start 137.297098 104.775) (end 135.23001 102.707912) (width 0.381) (layer B.Cu) (net 1))
  (segment (start 140.97 104.775) (end 137.297098 104.775) (width 0.381) (layer B.Cu) (net 1))
  (segment (start 135.1025 102.235) (end 135.255 102.0825) (width 0.381) (layer F.Cu) (net 1))
  (segment (start 133.665 102.235) (end 135.1025 102.235) (width 0.381) (layer F.Cu) (net 1))
  (segment (start 130.54 98.73) (end 129.5575 99.7125) (width 1.024) (layer F.Cu) (net 1))
  (segment (start 130.81 98.73) (end 130.54 98.73) (width 1.024) (layer F.Cu) (net 1))
  (segment (start 126.45901 93.88599) (end 127.635 92.71) (width 0.508) (layer F.Cu) (net 2))
  (segment (start 125.54901 93.88599) (end 126.45901 93.88599) (width 0.508) (layer F.Cu) (net 2))
  (segment (start 125.095 94.34) (end 125.54901 93.88599) (width 0.508) (layer F.Cu) (net 2))
  (segment (start 125.095 95.215) (end 125.095 94.34) (width 0.508) (layer F.Cu) (net 2))
  (segment (start 121.010001 92.259726) (end 121.010001 90.38) (width 1.024) (layer F.Cu) (net 2))
  (segment (start 125.095 95.215) (end 123.965275 95.215) (width 1.024) (layer F.Cu) (net 2))
  (segment (start 123.825 95.074724) (end 123.595138 94.844862) (width 1.024) (layer F.Cu) (net 2))
  (segment (start 123.965275 95.215) (end 123.595138 94.844862) (width 1.024) (layer F.Cu) (net 2))
  (segment (start 123.3075 97.0025) (end 125.095 95.215) (width 1.024) (layer F.Cu) (net 2))
  (segment (start 123.19 97.0025) (end 123.3075 97.0025) (width 1.024) (layer F.Cu) (net 2))
  (segment (start 123.19 94.615) (end 123.277637 94.527363) (width 1.024) (layer F.Cu) (net 2))
  (segment (start 123.19 97.0025) (end 123.19 94.615) (width 1.024) (layer F.Cu) (net 2))
  (segment (start 123.277637 94.527363) (end 121.010001 92.259726) (width 1.024) (layer F.Cu) (net 2))
  (segment (start 123.595138 94.844862) (end 123.277637 94.527363) (width 1.024) (layer F.Cu) (net 2))
  (segment (start 136.18401 102.72849) (end 135.255 103.6575) (width 0.508) (layer F.Cu) (net 3))
  (segment (start 136.770999 97.400999) (end 137.504679 98.134679) (width 0.508) (layer B.Cu) (net 3))
  (segment (start 136.770999 95.642079) (end 136.770999 97.400999) (width 0.508) (layer B.Cu) (net 3))
  (segment (start 140.1 92.313078) (end 136.770999 95.642079) (width 0.508) (layer B.Cu) (net 3))
  (via (at 137.504679 98.134679) (size 1) (drill 0.6) (layers F.Cu B.Cu) (net 3))
  (segment (start 140.1 91.18) (end 140.1 92.313078) (width 0.508) (layer B.Cu) (net 3))
  (segment (start 136.18401 99.455348) (end 136.18401 102.72849) (width 0.508) (layer F.Cu) (net 3))
  (segment (start 137.504679 98.134679) (end 136.18401 99.455348) (width 0.508) (layer F.Cu) (net 3))
  (segment (start 134.4375 103.6575) (end 133.665 102.885) (width 0.381) (layer F.Cu) (net 3))
  (segment (start 135.255 103.6575) (end 134.4375 103.6575) (width 0.381) (layer F.Cu) (net 3))
  (segment (start 124.0475 103.13) (end 124.9425 102.235) (width 1.024) (layer F.Cu) (net 4))
  (segment (start 122.555 103.13) (end 124.0475 103.13) (width 1.024) (layer F.Cu) (net 4))
  (segment (start 124.4225 103.505) (end 124.0475 103.13) (width 1.024) (layer F.Cu) (net 4))
  (segment (start 124.9425 103.505) (end 124.4225 103.505) (width 1.024) (layer F.Cu) (net 4))
  (segment (start 125.095 102.0825) (end 124.9425 102.235) (width 1.024) (layer F.Cu) (net 4))
  (segment (start 125.095 100.365) (end 125.095 102.0825) (width 1.024) (layer F.Cu) (net 4))
  (segment (start 125.72451 104.80701) (end 124.4225 103.505) (width 1.024) (layer F.Cu) (net 4))
  (segment (start 137.73199 104.80701) (end 125.72451 104.80701) (width 1.024) (layer F.Cu) (net 4) (tstamp 5FAE1A69))
  (segment (start 137.795 104.744) (end 137.73199 104.80701) (width 1.024) (layer F.Cu) (net 4))
  (segment (start 137.795 102.87) (end 137.795 104.744) (width 1.024) (layer F.Cu) (net 4))
  (segment (start 124.9425 102.235) (end 124.9425 103.505) (width 1.024) (layer F.Cu) (net 4))
  (segment (start 137.795 100.8125) (end 138.2775 100.33) (width 0.508) (layer F.Cu) (net 4))
  (segment (start 137.795 102.87) (end 137.795 100.8125) (width 0.508) (layer F.Cu) (net 4))
  (segment (start 126.5175 102.235) (end 127.635 102.235) (width 0.508) (layer F.Cu) (net 5))
  (via (at 127.635 102.235) (size 1) (drill 0.6) (layers F.Cu B.Cu) (net 5))
  (via (at 126.365 96.52) (size 1) (drill 0.6) (layers F.Cu B.Cu) (net 5))
  (segment (start 126.365 95.215) (end 126.365 96.52) (width 0.508) (layer F.Cu) (net 5))
  (segment (start 126.365 100.965) (end 127.635 102.235) (width 0.508) (layer B.Cu) (net 5))
